,mean_fit_time,std_fit_time,mean_score_time,std_score_time,param_C,param_kernel,params,split0_test_score,split1_test_score,split2_test_score,split3_test_score,split4_test_score,mean_test_score,std_test_score,rank_test_score
279,0.00398869514465332,6.468133910298603e-07,0.004702901840209961,0.0012372557485578483,70.0,sigmoid,"{'C': 70.0, 'kernel': 'sigmoid'}",0.3333333333333333,1.0,0.8,0.8,0.8,0.7466666666666667,0.22070593809662467,1
271,0.0046661376953125,0.0009391654151773491,0.004666042327880859,0.0008504969384943404,68.0,sigmoid,"{'C': 68.0, 'kernel': 'sigmoid'}",0.3333333333333333,1.0,0.8,0.8,0.8,0.7466666666666667,0.22070593809662467,1
387,0.005833053588867187,0.0023401253040168614,0.004906940460205078,0.0010224107950087599,97.0,sigmoid,"{'C': 97.0, 'kernel': 'sigmoid'}",0.3333333333333333,1.0,0.8,0.8,0.8,0.7466666666666667,0.22070593809662467,1
327,0.004594993591308594,0.0008106319118477065,0.004266548156738281,0.0005529898718050477,82.0,sigmoid,"{'C': 82.0, 'kernel': 'sigmoid'}",0.3333333333333333,1.0,0.8,0.8,0.8,0.7466666666666667,0.22070593809662467,1
383,0.004343986511230469,0.00036443631765103535,0.004587697982788086,0.0004890458353196417,96.0,sigmoid,"{'C': 96.0, 'kernel': 'sigmoid'}",0.3333333333333333,1.0,0.8,0.8,0.8,0.7466666666666667,0.22070593809662467,1
379,0.004989051818847656,0.0006355834298418909,0.005222606658935547,0.0007572994890333874,95.0,sigmoid,"{'C': 95.0, 'kernel': 'sigmoid'}",0.3333333333333333,1.0,0.8,0.8,0.8,0.7466666666666667,0.22070593809662467,1
331,0.004142475128173828,0.0003075845989447491,0.004272317886352539,0.0004842279252014761,83.0,sigmoid,"{'C': 83.0, 'kernel': 'sigmoid'}",0.3333333333333333,1.0,0.8,0.8,0.8,0.7466666666666667,0.22070593809662467,1
275,0.004652261734008789,0.0005539215129682081,0.004337167739868164,0.000938668711165613,69.0,sigmoid,"{'C': 69.0, 'kernel': 'sigmoid'}",0.3333333333333333,1.0,0.8,0.8,0.8,0.7466666666666667,0.22070593809662467,1
43,0.00610957145690918,0.006464669846425125,0.0014803409576416016,0.001822189973520362,11.0,sigmoid,"{'C': 11.0, 'kernel': 'sigmoid'}",0.5,1.0,0.6,0.8,0.8,0.74,0.17435595774162696,9
91,0.004786920547485351,0.0011629822057254062,0.004988479614257813,0.0019939912472446146,23.0,sigmoid,"{'C': 23.0, 'kernel': 'sigmoid'}",0.5,1.0,0.6,0.8,0.8,0.74,0.17435595774162696,9
47,0.004821968078613281,0.002891536003520668,0.0034842491149902344,0.0018388449024271448,12.0,sigmoid,"{'C': 12.0, 'kernel': 'sigmoid'}",0.5,1.0,0.6,0.8,0.8,0.74,0.17435595774162696,9
59,0.005193853378295898,0.002488118986220911,0.0037384033203125,0.0011819003963441555,15.0,sigmoid,"{'C': 15.0, 'kernel': 'sigmoid'}",0.5,1.0,0.6,0.8,0.8,0.74,0.17435595774162696,9
63,0.004387998580932617,0.0004887922461133373,0.0041888713836669925,0.001323153619401917,16.0,sigmoid,"{'C': 16.0, 'kernel': 'sigmoid'}",0.5,1.0,0.6,0.8,0.8,0.74,0.17435595774162696,9
95,0.005989837646484375,0.0026694444507284133,0.0038532733917236326,0.0006836970990364644,24.0,sigmoid,"{'C': 24.0, 'kernel': 'sigmoid'}",0.5,1.0,0.6,0.8,0.8,0.74,0.17435595774162696,9
171,0.005585002899169922,0.0007989063913002703,0.006584453582763672,0.002409662250894403,43.0,sigmoid,"{'C': 43.0, 'kernel': 'sigmoid'}",0.5,1.0,0.6,0.8,0.8,0.74,0.17435595774162696,9
151,0.004187202453613282,0.00039966545544615914,0.004388666152954102,0.0004888311564092687,38.0,sigmoid,"{'C': 38.0, 'kernel': 'sigmoid'}",0.5,1.0,0.6,0.8,0.8,0.74,0.17435595774162696,9
147,0.005585908889770508,0.0013549686836925483,0.005185079574584961,0.0009774880684324362,37.0,sigmoid,"{'C': 37.0, 'kernel': 'sigmoid'}",0.5,1.0,0.6,0.8,0.8,0.74,0.17435595774162696,9
143,0.005784749984741211,0.0013224854260225844,0.0065821647644042965,0.0037637715349809406,36.0,sigmoid,"{'C': 36.0, 'kernel': 'sigmoid'}",0.5,1.0,0.6,0.8,0.8,0.74,0.17435595774162696,9
79,0.004605436325073242,0.0037585403497226505,0.004823732376098633,0.004134279070021974,20.0,sigmoid,"{'C': 20.0, 'kernel': 'sigmoid'}",0.5,1.0,0.6,0.8,0.8,0.74,0.17435595774162696,9
131,0.00777888298034668,0.00609609513035243,0.004388332366943359,0.0007978678800485069,33.0,sigmoid,"{'C': 33.0, 'kernel': 'sigmoid'}",0.5,1.0,0.6,0.8,0.8,0.74,0.17435595774162696,9
127,0.005783987045288086,0.0014658758226871386,0.005585336685180664,0.0016212681923122563,32.0,sigmoid,"{'C': 32.0, 'kernel': 'sigmoid'}",0.5,1.0,0.6,0.8,0.8,0.74,0.17435595774162696,9
123,0.009375381469726562,0.00669355934567922,0.005784130096435547,0.0011631700670358739,31.0,sigmoid,"{'C': 31.0, 'kernel': 'sigmoid'}",0.5,1.0,0.6,0.8,0.8,0.74,0.17435595774162696,9
99,0.005186223983764648,0.0014650518594249665,0.004987192153930664,0.0010931460745547768,25.0,sigmoid,"{'C': 25.0, 'kernel': 'sigmoid'}",0.5,1.0,0.6,0.8,0.8,0.74,0.17435595774162696,9
175,0.005584239959716797,0.0013538092095025372,0.005585718154907227,0.0007988453836417647,44.0,sigmoid,"{'C': 44.0, 'kernel': 'sigmoid'}",0.5,1.0,0.6,0.8,0.8,0.74,0.17435595774162696,9
179,0.007180356979370117,0.00347852809074549,0.005984067916870117,0.0025241161862413547,45.0,sigmoid,"{'C': 45.0, 'kernel': 'sigmoid'}",0.5,1.0,0.6,0.8,0.8,0.74,0.17435595774162696,9
255,0.005036640167236328,0.0057296961573342796,0.006576681137084961,0.005399734917814474,64.0,sigmoid,"{'C': 64.0, 'kernel': 'sigmoid'}",0.16666666666666666,1.0,0.8,0.8,0.8,0.7133333333333333,0.28409701003550025,26
259,0.004587697982788086,0.0004884612275145231,0.004848098754882813,0.0016920113574271254,65.0,sigmoid,"{'C': 65.0, 'kernel': 'sigmoid'}",0.16666666666666666,1.0,0.8,0.8,0.8,0.7133333333333333,0.28409701003550025,26
263,0.008898210525512696,0.007033736133215481,0.0065538883209228516,0.00471336852383019,66.0,sigmoid,"{'C': 66.0, 'kernel': 'sigmoid'}",0.16666666666666666,1.0,0.8,0.8,0.8,0.7133333333333333,0.28409701003550025,26
267,0.0042686939239501955,0.0005583526612834523,0.004786920547485351,0.0007463402038694897,67.0,sigmoid,"{'C': 67.0, 'kernel': 'sigmoid'}",0.16666666666666666,1.0,0.8,0.8,0.8,0.7133333333333333,0.28409701003550025,26
399,0.005440330505371094,0.001512973590025749,0.0034950733184814452,0.0008793752165432745,100.0,sigmoid,"{'C': 100.0, 'kernel': 'sigmoid'}",0.16666666666666666,1.0,0.8,0.8,0.8,0.7133333333333333,0.28409701003550025,26
371,0.005503988265991211,0.0010530286756913097,0.005386495590209961,0.0027918108475913925,93.0,sigmoid,"{'C': 93.0, 'kernel': 'sigmoid'}",0.16666666666666666,1.0,0.8,0.8,0.8,0.7133333333333333,0.28409701003550025,26
347,0.004845666885375977,0.0008433561010556544,0.006836318969726562,0.004718507033231232,87.0,sigmoid,"{'C': 87.0, 'kernel': 'sigmoid'}",0.16666666666666666,1.0,0.8,0.8,0.8,0.7133333333333333,0.28409701003550025,26
339,0.004390144348144531,0.000488700621413319,0.004395103454589844,0.0008037191453725501,85.0,sigmoid,"{'C': 85.0, 'kernel': 'sigmoid'}",0.16666666666666666,1.0,0.8,0.8,0.8,0.7133333333333333,0.28409701003550025,26
335,0.005064821243286133,0.0008147951449105352,0.004447031021118164,0.0009152651749192782,84.0,sigmoid,"{'C': 84.0, 'kernel': 'sigmoid'}",0.16666666666666666,1.0,0.8,0.8,0.8,0.7133333333333333,0.28409701003550025,26
343,0.004469728469848633,0.0008742802026712867,0.0037892341613769533,0.00039889867688617836,86.0,sigmoid,"{'C': 86.0, 'kernel': 'sigmoid'}",0.16666666666666666,1.0,0.8,0.8,0.8,0.7133333333333333,0.28409701003550025,26
351,0.004587888717651367,0.0007975707366119945,0.004666328430175781,0.0005711353962149441,88.0,sigmoid,"{'C': 88.0, 'kernel': 'sigmoid'}",0.16666666666666666,1.0,0.8,0.8,0.8,0.7133333333333333,0.28409701003550025,26
323,0.004230976104736328,0.0004841090276070349,0.004190206527709961,0.0003986413683807906,81.0,sigmoid,"{'C': 81.0, 'kernel': 'sigmoid'}",0.16666666666666666,1.0,0.8,0.8,0.8,0.7133333333333333,0.28409701003550025,26
355,0.004588079452514648,0.0007976076596777933,0.004189014434814453,0.00039887441109554326,89.0,sigmoid,"{'C': 89.0, 'kernel': 'sigmoid'}",0.16666666666666666,1.0,0.8,0.8,0.8,0.7133333333333333,0.28409701003550025,26
391,0.0049861431121826175,6.503191803448608e-07,0.005385732650756836,0.0019537655087010514,98.0,sigmoid,"{'C': 98.0, 'kernel': 'sigmoid'}",0.16666666666666666,1.0,0.8,0.8,0.8,0.7133333333333333,0.28409701003550025,26
367,0.006584882736206055,0.00356478975223424,0.004141664505004883,0.0003058445427600555,92.0,sigmoid,"{'C': 92.0, 'kernel': 'sigmoid'}",0.16666666666666666,1.0,0.8,0.8,0.8,0.7133333333333333,0.28409701003550025,26
359,0.004387903213500977,0.0004885777955034635,0.0040985107421875,0.0007249826821674253,90.0,sigmoid,"{'C': 90.0, 'kernel': 'sigmoid'}",0.16666666666666666,1.0,0.8,0.8,0.8,0.7133333333333333,0.28409701003550025,26
375,0.005185937881469727,0.00039870805634229206,0.004747581481933594,0.0008843602914273723,94.0,sigmoid,"{'C': 94.0, 'kernel': 'sigmoid'}",0.16666666666666666,1.0,0.8,0.8,0.8,0.7133333333333333,0.28409701003550025,26
363,0.009639596939086914,0.010810662474800713,0.004323053359985352,0.0009175047332214986,91.0,sigmoid,"{'C': 91.0, 'kernel': 'sigmoid'}",0.16666666666666666,1.0,0.8,0.8,0.8,0.7133333333333333,0.28409701003550025,26
395,0.007284355163574219,0.005256034182030361,0.005572128295898438,0.0017708578660204299,99.0,sigmoid,"{'C': 99.0, 'kernel': 'sigmoid'}",0.16666666666666666,1.0,0.8,0.8,0.8,0.7133333333333333,0.28409701003550025,26
8,0.007579421997070313,0.0004885001688314651,0.004391908645629883,0.00048603848036314504,3.0,linear,"{'C': 3.0, 'kernel': 'linear'}",0.3333333333333333,1.0,0.6,1.0,0.6,0.7066666666666667,0.2585429257288709,45
4,0.007779169082641602,0.0009760262532270398,0.004188680648803711,0.00039892376195515883,2.0,linear,"{'C': 2.0, 'kernel': 'linear'}",0.3333333333333333,1.0,0.6,1.0,0.6,0.7066666666666667,0.2585429257288709,45
39,0.004388236999511718,0.000488305338064232,0.004679155349731445,0.0011643751758660676,10.0,sigmoid,"{'C': 10.0, 'kernel': 'sigmoid'}",0.5,1.0,0.6,0.8,0.6,0.7000000000000001,0.17888543819998315,47
75,0.0037595272064208985,0.0010183582970034449,0.0035904407501220702,0.0010172051781288047,19.0,sigmoid,"{'C': 19.0, 'kernel': 'sigmoid'}",0.5,1.0,0.4,0.8,0.8,0.7,0.21908902300206645,48
55,0.004594230651855468,0.00320282238772859,0.003915214538574218,0.0021636918124043653,14.0,sigmoid,"{'C': 14.0, 'kernel': 'sigmoid'}",0.5,1.0,0.4,0.8,0.8,0.7,0.21908902300206645,48
135,0.004986381530761719,0.0012611629595717516,0.006981754302978515,0.005046469976553156,34.0,sigmoid,"{'C': 34.0, 'kernel': 'sigmoid'}",0.5,1.0,0.4,0.8,0.8,0.7,0.21908902300206645,48
139,0.005385446548461914,0.00119684539837595,0.005585432052612305,0.0027927161662410728,35.0,sigmoid,"{'C': 35.0, 'kernel': 'sigmoid'}",0.5,1.0,0.4,0.8,0.8,0.7,0.21908902300206645,48
51,0.003390645980834961,0.0017387949231851684,0.005215501785278321,0.002396077429179609,13.0,sigmoid,"{'C': 13.0, 'kernel': 'sigmoid'}",0.5,1.0,0.4,0.8,0.8,0.7,0.21908902300206645,48
83,0.004392290115356445,0.000791133325873472,0.004190206527709961,0.0004024512677389882,21.0,sigmoid,"{'C': 21.0, 'kernel': 'sigmoid'}",0.5,1.0,0.4,0.8,0.8,0.7,0.21908902300206645,48
119,0.004387807846069336,0.0004885582026693973,0.004787588119506836,0.0011628511505055604,30.0,sigmoid,"{'C': 30.0, 'kernel': 'sigmoid'}",0.5,1.0,0.4,0.8,0.8,0.7,0.21908902300206645,48
167,0.005785131454467773,0.0007483682129061413,0.006581449508666992,0.003711145565109933,42.0,sigmoid,"{'C': 42.0, 'kernel': 'sigmoid'}",0.5,1.0,0.4,0.8,0.8,0.7,0.21908902300206645,48
87,0.005186796188354492,0.0003987562246548356,0.005185604095458984,0.0009775256296026187,22.0,sigmoid,"{'C': 22.0, 'kernel': 'sigmoid'}",0.5,1.0,0.4,0.8,0.8,0.7,0.21908902300206645,48
27,0.002324962615966797,0.0019024647268910794,0.005927658081054688,0.008065869378079682,7.0,sigmoid,"{'C': 7.0, 'kernel': 'sigmoid'}",0.5,1.0,0.8,0.6,0.6,0.7,0.1788854381999832,48
31,0.0039214611053466795,0.0026306265917320428,0.006126594543457031,0.005618109505139811,8.0,sigmoid,"{'C': 8.0, 'kernel': 'sigmoid'}",0.5,1.0,0.8,0.6,0.6,0.7,0.1788854381999832,48
71,0.003989982604980469,9.221591761500223e-07,0.003988456726074219,1.3934745022013149e-06,18.0,sigmoid,"{'C': 18.0, 'kernel': 'sigmoid'}",0.5,1.0,0.4,0.8,0.8,0.7,0.21908902300206645,48
159,0.0067825794219970705,0.0009766115724818114,0.005584335327148438,0.0011979666920528904,40.0,sigmoid,"{'C': 40.0, 'kernel': 'sigmoid'}",0.16666666666666666,1.0,0.6,0.8,0.8,0.6733333333333332,0.283156807754604,60
183,0.004787349700927734,0.0007472843645288312,0.0047872066497802734,0.00159668940580725,46.0,sigmoid,"{'C': 46.0, 'kernel': 'sigmoid'}",0.16666666666666666,1.0,0.6,0.8,0.8,0.6733333333333332,0.283156807754604,60
239,0.00710148811340332,0.004293772816764377,0.004647207260131836,0.0013177637286412595,60.0,sigmoid,"{'C': 60.0, 'kernel': 'sigmoid'}",0.16666666666666666,1.0,0.6,0.8,0.8,0.6733333333333332,0.283156807754604,60
227,0.004188680648803711,0.0003989236479615943,0.003988885879516601,9.488939639154625e-07,57.0,sigmoid,"{'C': 57.0, 'kernel': 'sigmoid'}",0.16666666666666666,1.0,0.6,0.8,0.8,0.6733333333333332,0.283156807754604,60
235,0.004387521743774414,0.0004885976016174024,0.0047882080078125,0.0007468765633933983,59.0,sigmoid,"{'C': 59.0, 'kernel': 'sigmoid'}",0.16666666666666666,1.0,0.6,0.8,0.8,0.6733333333333332,0.283156807754604,60
243,0.007033777236938476,0.004395972399394087,0.003390598297119141,0.0017386145286157775,61.0,sigmoid,"{'C': 61.0, 'kernel': 'sigmoid'}",0.16666666666666666,1.0,0.6,0.8,0.8,0.6733333333333332,0.283156807754604,60
247,0.004587602615356445,0.0007975459824908667,0.00438847541809082,0.0004887918739736172,62.0,sigmoid,"{'C': 62.0, 'kernel': 'sigmoid'}",0.16666666666666666,1.0,0.6,0.8,0.8,0.6733333333333332,0.283156807754604,60
251,0.005046653747558594,0.0006428396352432533,0.004333066940307617,0.000429616318199594,63.0,sigmoid,"{'C': 63.0, 'kernel': 'sigmoid'}",0.16666666666666666,1.0,0.6,0.8,0.8,0.6733333333333332,0.283156807754604,60
223,0.0045874595642089845,0.0007982494921450454,0.004389429092407226,0.0008005382671930242,56.0,sigmoid,"{'C': 56.0, 'kernel': 'sigmoid'}",0.16666666666666666,1.0,0.6,0.8,0.8,0.6733333333333332,0.283156807754604,60
155,0.00558624267578125,0.001355278568256328,0.004586601257324218,0.0007995503690896282,39.0,sigmoid,"{'C': 39.0, 'kernel': 'sigmoid'}",0.16666666666666666,1.0,0.6,0.8,0.8,0.6733333333333332,0.283156807754604,60
115,0.004588413238525391,0.0007978916809391139,0.004588031768798828,0.0007995489329848666,29.0,sigmoid,"{'C': 29.0, 'kernel': 'sigmoid'}",0.5,0.8,0.4,0.8,0.8,0.6599999999999999,0.17435595774162696,70
111,0.004387569427490234,0.000798011472535425,0.004590797424316406,0.000491309031166565,28.0,sigmoid,"{'C': 28.0, 'kernel': 'sigmoid'}",0.5,0.8,0.4,0.8,0.8,0.6599999999999999,0.17435595774162696,70
107,0.004986858367919922,1.9073486328125e-07,0.004640436172485352,0.00043281058141845776,27.0,sigmoid,"{'C': 27.0, 'kernel': 'sigmoid'}",0.5,0.8,0.4,0.8,0.8,0.6599999999999999,0.17435595774162696,70
103,0.004587602615356445,0.000488480591502663,0.004590511322021484,0.0004908804056496843,26.0,sigmoid,"{'C': 26.0, 'kernel': 'sigmoid'}",0.5,0.8,0.4,0.8,0.8,0.6599999999999999,0.17435595774162696,70
291,0.006029748916625976,0.003967485372942708,0.003789806365966797,0.0003989463605359984,73.0,sigmoid,"{'C': 73.0, 'kernel': 'sigmoid'}",0.16666666666666666,1.0,0.4,0.8,0.8,0.6333333333333334,0.3040467800264368,74
187,0.005585479736328125,0.0007981301920860228,0.004787015914916992,0.0007470033640856944,47.0,sigmoid,"{'C': 47.0, 'kernel': 'sigmoid'}",0.16666666666666666,1.0,0.4,0.8,0.8,0.6333333333333334,0.3040467800264368,74
287,0.004629182815551758,0.0008720448141087076,0.004560422897338867,0.0004692040662309682,72.0,sigmoid,"{'C': 72.0, 'kernel': 'sigmoid'}",0.16666666666666666,1.0,0.4,0.8,0.8,0.6333333333333334,0.3040467800264368,74
283,0.004455089569091797,0.0005810203540224278,0.005436563491821289,0.0007892814937060074,71.0,sigmoid,"{'C': 71.0, 'kernel': 'sigmoid'}",0.16666666666666666,1.0,0.4,0.8,0.8,0.6333333333333334,0.3040467800264368,74
299,0.004735517501831055,0.0003866315944722533,0.004758977890014648,0.0007784005590482475,75.0,sigmoid,"{'C': 75.0, 'kernel': 'sigmoid'}",0.16666666666666666,1.0,0.4,0.8,0.8,0.6333333333333334,0.3040467800264368,74
303,0.006425714492797852,0.003800932950438909,0.004349136352539062,0.0007187605754342176,76.0,sigmoid,"{'C': 76.0, 'kernel': 'sigmoid'}",0.16666666666666666,1.0,0.4,0.8,0.8,0.6333333333333334,0.3040467800264368,74
307,0.004898881912231446,0.0004771937848675507,0.004189825057983399,0.0007464572600819173,77.0,sigmoid,"{'C': 77.0, 'kernel': 'sigmoid'}",0.16666666666666666,1.0,0.4,0.8,0.8,0.6333333333333334,0.3040467800264368,74
311,0.004378175735473633,0.0004791119816051271,0.004417848587036133,0.0004664468852757658,78.0,sigmoid,"{'C': 78.0, 'kernel': 'sigmoid'}",0.16666666666666666,1.0,0.4,0.8,0.8,0.6333333333333334,0.3040467800264368,74
315,0.0056534290313720705,0.0008428846984128051,0.004857063293457031,0.0011830429355798278,79.0,sigmoid,"{'C': 79.0, 'kernel': 'sigmoid'}",0.16666666666666666,1.0,0.4,0.8,0.8,0.6333333333333334,0.3040467800264368,74
163,0.004785776138305664,0.00039911366990130287,0.004588270187377929,0.0011978632372790076,41.0,sigmoid,"{'C': 41.0, 'kernel': 'sigmoid'}",0.16666666666666666,1.0,0.4,0.8,0.8,0.6333333333333334,0.3040467800264368,74
319,0.004832839965820313,0.0008214335560280265,0.004024314880371094,0.0006347250753527232,80.0,sigmoid,"{'C': 80.0, 'kernel': 'sigmoid'}",0.16666666666666666,1.0,0.4,0.8,0.8,0.6333333333333334,0.3040467800264368,74
219,0.002311038970947266,0.0030481719108999537,0.006975650787353516,0.005425749202138759,55.0,sigmoid,"{'C': 55.0, 'kernel': 'sigmoid'}",0.16666666666666666,1.0,0.4,0.8,0.8,0.6333333333333334,0.3040467800264368,74
215,0.0047874927520751955,0.0003988997598915176,0.004986429214477539,1.5568568913759715e-06,54.0,sigmoid,"{'C': 54.0, 'kernel': 'sigmoid'}",0.16666666666666666,1.0,0.4,0.8,0.8,0.6333333333333334,0.3040467800264368,74
211,0.0051863670349121095,0.0015959382615940345,0.004188680648803711,0.0003991607411503414,53.0,sigmoid,"{'C': 53.0, 'kernel': 'sigmoid'}",0.16666666666666666,1.0,0.4,0.8,0.8,0.6333333333333334,0.3040467800264368,74
207,0.0045887470245361325,0.000795797569101923,0.004586410522460937,0.00048722140486323216,52.0,sigmoid,"{'C': 52.0, 'kernel': 'sigmoid'}",0.16666666666666666,1.0,0.4,0.8,0.8,0.6333333333333334,0.3040467800264368,74
203,0.004986286163330078,0.0006315811933281976,0.005785226821899414,0.0013234566576948153,51.0,sigmoid,"{'C': 51.0, 'kernel': 'sigmoid'}",0.16666666666666666,1.0,0.4,0.8,0.8,0.6333333333333334,0.3040467800264368,74
195,0.005782222747802735,0.0031166290623316772,0.007382345199584961,0.004396073780831832,49.0,sigmoid,"{'C': 49.0, 'kernel': 'sigmoid'}",0.16666666666666666,1.0,0.4,0.8,0.8,0.6333333333333334,0.3040467800264368,74
295,0.006205940246582031,0.0039548323488096315,0.004092884063720703,0.0007290118994515354,74.0,sigmoid,"{'C': 74.0, 'kernel': 'sigmoid'}",0.16666666666666666,1.0,0.4,0.8,0.8,0.6333333333333334,0.3040467800264368,74
231,0.004387807846069336,0.002569815875527322,0.008956813812255859,0.00849789235029672,58.0,sigmoid,"{'C': 58.0, 'kernel': 'sigmoid'}",0.16666666666666666,1.0,0.4,0.8,0.8,0.6333333333333334,0.3040467800264368,74
191,0.005585384368896484,0.0013531640599360032,0.007180547714233399,0.0039594426624887215,48.0,sigmoid,"{'C': 48.0, 'kernel': 'sigmoid'}",0.16666666666666666,1.0,0.4,0.8,0.8,0.6333333333333334,0.3040467800264368,74
199,0.005983781814575195,0.0014108078377940614,0.008178043365478515,0.004203315696454892,50.0,sigmoid,"{'C': 50.0, 'kernel': 'sigmoid'}",0.16666666666666666,1.0,0.4,0.8,0.8,0.6333333333333334,0.3040467800264368,74
0,0.009773540496826171,0.0003985409817643603,0.004387950897216797,0.00048883080755606,1.0,linear,"{'C': 1.0, 'kernel': 'linear'}",0.3333333333333333,0.8,0.6,0.8,0.6,0.6266666666666667,0.1717879830230017,95
240,0.012366342544555663,0.009346974379374892,0.004189157485961914,0.0003996375209887797,61.0,linear,"{'C': 61.0, 'kernel': 'linear'}",0.3333333333333333,0.6,0.6,1.0,0.6,0.6266666666666667,0.21333333333333335,95
236,0.007978057861328125,0.0008920166808115349,0.004588270187377929,0.0004881494873305202,60.0,linear,"{'C': 60.0, 'kernel': 'linear'}",0.3333333333333333,0.6,0.6,1.0,0.6,0.6266666666666667,0.21333333333333335,95
48,0.008210277557373047,0.0030485932087454637,0.0032900333404541015,0.0016560594224758608,13.0,linear,"{'C': 13.0, 'kernel': 'linear'}",0.3333333333333333,0.6,0.6,1.0,0.6,0.6266666666666667,0.21333333333333335,95
232,0.00704193115234375,0.0009650121270339295,0.003933429718017578,0.0005469504912899032,59.0,linear,"{'C': 59.0, 'kernel': 'linear'}",0.3333333333333333,0.6,0.6,1.0,0.6,0.6266666666666667,0.21333333333333335,95
352,0.008360576629638673,0.0007959717065881106,0.005298900604248047,0.0020090770033568844,89.0,linear,"{'C': 89.0, 'kernel': 'linear'}",0.3333333333333333,0.6,0.6,1.0,0.6,0.6266666666666667,0.21333333333333335,95
228,0.01316523551940918,0.008973154671669339,0.004387903213500977,0.0007972483911019008,58.0,linear,"{'C': 58.0, 'kernel': 'linear'}",0.3333333333333333,0.6,0.6,1.0,0.6,0.6266666666666667,0.21333333333333335,95
224,0.012898588180541992,0.006340489274176612,0.0059282779693603516,0.0056408808328810844,57.0,linear,"{'C': 57.0, 'kernel': 'linear'}",0.3333333333333333,0.6,0.6,1.0,0.6,0.6266666666666667,0.21333333333333335,95
52,0.00972285270690918,0.0030792759931869574,0.0043887138366699215,0.0004882085222604932,14.0,linear,"{'C': 14.0, 'kernel': 'linear'}",0.3333333333333333,0.6,0.6,1.0,0.6,0.6266666666666667,0.21333333333333335,95
220,0.008246469497680663,0.0003881844411940441,0.005246782302856445,0.0008172784494494858,56.0,linear,"{'C': 56.0, 'kernel': 'linear'}",0.3333333333333333,0.6,0.6,1.0,0.6,0.6266666666666667,0.21333333333333335,95
356,0.007927846908569337,0.0005951326690040762,0.004595041275024414,0.0004942544690743834,90.0,linear,"{'C': 90.0, 'kernel': 'linear'}",0.3333333333333333,0.6,0.6,1.0,0.6,0.6266666666666667,0.21333333333333335,95
216,0.013164710998535157,0.0064449277376407545,0.004387950897216797,0.0007979990810369818,55.0,linear,"{'C': 55.0, 'kernel': 'linear'}",0.3333333333333333,0.6,0.6,1.0,0.6,0.6266666666666667,0.21333333333333335,95
212,0.00944051742553711,0.00582785418624666,0.0012083053588867188,0.0016014981836159382,54.0,linear,"{'C': 54.0, 'kernel': 'linear'}",0.3333333333333333,0.6,0.6,1.0,0.6,0.6266666666666667,0.21333333333333335,95
56,0.008576917648315429,0.0029315923682719197,0.005631637573242187,0.0023811717599133923,15.0,linear,"{'C': 15.0, 'kernel': 'linear'}",0.3333333333333333,0.6,0.6,1.0,0.6,0.6266666666666667,0.21333333333333335,95
12,0.007262086868286133,0.000920245295215683,0.004805564880371094,0.0011979696187601318,4.0,linear,"{'C': 4.0, 'kernel': 'linear'}",0.3333333333333333,0.6,0.6,1.0,0.6,0.6266666666666667,0.21333333333333335,95
348,0.009707450866699219,0.002219707532850537,0.004387998580932617,0.0004885000059230266,88.0,linear,"{'C': 88.0, 'kernel': 'linear'}",0.3333333333333333,0.6,0.6,1.0,0.6,0.6266666666666667,0.21333333333333335,95
360,0.006870698928833008,0.00031333293675100195,0.004656648635864258,0.0008762671908699661,91.0,linear,"{'C': 91.0, 'kernel': 'linear'}",0.3333333333333333,0.6,0.6,1.0,0.6,0.6266666666666667,0.21333333333333335,95
200,0.009973621368408203,0.002442226549638058,0.005983114242553711,0.002599738843186602,51.0,linear,"{'C': 51.0, 'kernel': 'linear'}",0.3333333333333333,0.6,0.6,1.0,0.6,0.6266666666666667,0.21333333333333335,95
364,0.008110380172729493,0.0006508302073551371,0.003989458084106445,3.9895058943465975e-07,92.0,linear,"{'C': 92.0, 'kernel': 'linear'}",0.3333333333333333,0.6,0.6,1.0,0.6,0.6266666666666667,0.21333333333333335,95
196,0.009575128555297852,0.002326634732392507,0.006381988525390625,0.0038163171338928877,50.0,linear,"{'C': 50.0, 'kernel': 'linear'}",0.3333333333333333,0.6,0.6,1.0,0.6,0.6266666666666667,0.21333333333333335,95
60,0.012811994552612305,0.010122747606982115,0.004188728332519531,0.00039961344799898974,16.0,linear,"{'C': 16.0, 'kernel': 'linear'}",0.3333333333333333,0.6,0.6,1.0,0.6,0.6266666666666667,0.21333333333333335,95
192,0.008975934982299805,0.0008907927338107675,0.0071811676025390625,0.002918378321951043,49.0,linear,"{'C': 49.0, 'kernel': 'linear'}",0.3333333333333333,0.6,0.6,1.0,0.6,0.6266666666666667,0.21333333333333335,95
188,0.008777189254760741,0.001163203383758285,0.004786348342895508,0.0007453591020844028,48.0,linear,"{'C': 48.0, 'kernel': 'linear'}",0.3333333333333333,0.6,0.6,1.0,0.6,0.6266666666666667,0.21333333333333335,95
368,0.00693511962890625,0.0005619570517899037,0.005140447616577148,0.002303171204729866,93.0,linear,"{'C': 93.0, 'kernel': 'linear'}",0.3333333333333333,0.6,0.6,1.0,0.6,0.6266666666666667,0.21333333333333335,95
184,0.008776712417602538,0.0007493637473832799,0.009175586700439452,0.007888819452197032,47.0,linear,"{'C': 47.0, 'kernel': 'linear'}",0.3333333333333333,0.6,0.6,1.0,0.6,0.6266666666666667,0.21333333333333335,95
64,0.007778739929199219,0.0007462511367303861,0.004588079452514648,0.0007981420146404608,17.0,linear,"{'C': 17.0, 'kernel': 'linear'}",0.3333333333333333,0.6,0.6,1.0,0.6,0.6266666666666667,0.21333333333333335,95
180,0.011568212509155273,0.0031295270050550384,0.006782245635986328,0.00342054970240571,46.0,linear,"{'C': 46.0, 'kernel': 'linear'}",0.3333333333333333,0.6,0.6,1.0,0.6,0.6266666666666667,0.21333333333333335,95
176,0.009773063659667968,0.0036453975061799576,0.004588079452514648,0.00079903627499092,45.0,linear,"{'C': 45.0, 'kernel': 'linear'}",0.3333333333333333,0.6,0.6,1.0,0.6,0.6266666666666667,0.21333333333333335,95
372,0.010819673538208008,0.004777554755443901,0.004593563079833984,0.0007942723134223607,94.0,linear,"{'C': 94.0, 'kernel': 'linear'}",0.3333333333333333,0.6,0.6,1.0,0.6,0.6266666666666667,0.21333333333333335,95
172,0.010373687744140625,0.0016209486211172222,0.0057830810546875,0.00263200474900687,44.0,linear,"{'C': 44.0, 'kernel': 'linear'}",0.3333333333333333,0.6,0.6,1.0,0.6,0.6266666666666667,0.21333333333333335,95
168,0.008577442169189453,0.0004894771311000646,0.004787063598632813,0.0003988076711329011,43.0,linear,"{'C': 43.0, 'kernel': 'linear'}",0.3333333333333333,0.6,0.6,1.0,0.6,0.6266666666666667,0.21333333333333335,95
204,0.00977311134338379,0.0011634569047983827,0.004388570785522461,0.0004886166437687896,52.0,linear,"{'C': 52.0, 'kernel': 'linear'}",0.3333333333333333,0.6,0.6,1.0,0.6,0.6266666666666667,0.21333333333333335,95
244,0.00798330307006836,0.0005660300824027174,0.004587841033935547,0.0007973671957517118,62.0,linear,"{'C': 62.0, 'kernel': 'linear'}",0.3333333333333333,0.6,0.6,1.0,0.6,0.6266666666666667,0.21333333333333335,95
44,0.007617330551147461,0.0020620441725444365,0.0037738800048828123,0.0021594795061982853,12.0,linear,"{'C': 12.0, 'kernel': 'linear'}",0.3333333333333333,0.6,0.6,1.0,0.6,0.6266666666666667,0.21333333333333335,95
248,0.009241485595703125,0.005891103567898763,0.0016067028045654297,0.0019678767608441524,63.0,linear,"{'C': 63.0, 'kernel': 'linear'}",0.3333333333333333,0.6,0.6,1.0,0.6,0.6266666666666667,0.21333333333333335,95
320,0.008315420150756836,0.0014610786855972278,0.004273843765258789,0.0005667501878564961,81.0,linear,"{'C': 81.0, 'kernel': 'linear'}",0.3333333333333333,0.6,0.6,1.0,0.6,0.6266666666666667,0.21333333333333335,95
324,0.007565546035766602,0.0008479980294722076,0.004235172271728515,0.0004908323606442067,82.0,linear,"{'C': 82.0, 'kernel': 'linear'}",0.3333333333333333,0.6,0.6,1.0,0.6,0.6266666666666667,0.21333333333333335,95
316,0.009061622619628906,0.0017722660446885935,0.0037900924682617186,0.0003993278297351269,80.0,linear,"{'C': 80.0, 'kernel': 'linear'}",0.3333333333333333,0.6,0.6,1.0,0.6,0.6266666666666667,0.21333333333333335,95
312,0.009130191802978516,0.0028207405307946252,0.004150009155273438,0.00042524156508024136,79.0,linear,"{'C': 79.0, 'kernel': 'linear'}",0.3333333333333333,0.6,0.6,1.0,0.6,0.6266666666666667,0.21333333333333335,95
24,0.007521247863769532,0.0040681107876346335,0.0033247947692871095,0.0016822981414598372,7.0,linear,"{'C': 7.0, 'kernel': 'linear'}",0.3333333333333333,0.6,0.6,1.0,0.6,0.6266666666666667,0.21333333333333335,95
20,0.0081298828125,0.007124411748445781,0.00272369384765625,0.0017525576737934963,6.0,linear,"{'C': 6.0, 'kernel': 'linear'}",0.3333333333333333,0.6,0.6,1.0,0.6,0.6266666666666667,0.21333333333333335,95
308,0.00832524299621582,0.0015037569659146963,0.00438847541809082,0.0004886955500346197,78.0,linear,"{'C': 78.0, 'kernel': 'linear'}",0.3333333333333333,0.6,0.6,1.0,0.6,0.6266666666666667,0.21333333333333335,95
328,0.008437538146972656,0.0007760932006345904,0.004442834854125976,0.0005617005025952234,83.0,linear,"{'C': 83.0, 'kernel': 'linear'}",0.3333333333333333,0.6,0.6,1.0,0.6,0.6266666666666667,0.21333333333333335,95
304,0.007329607009887695,0.0007660288933256321,0.003989362716674804,3.568322550558034e-07,77.0,linear,"{'C': 77.0, 'kernel': 'linear'}",0.3333333333333333,0.6,0.6,1.0,0.6,0.6266666666666667,0.21333333333333335,95
300,0.00802297592163086,0.0005673251604343049,0.004465818405151367,0.0005969984653254912,76.0,linear,"{'C': 76.0, 'kernel': 'linear'}",0.3333333333333333,0.6,0.6,1.0,0.6,0.6266666666666667,0.21333333333333335,95
28,0.013107681274414062,0.007687434187428548,0.004588603973388672,0.0004878395567583538,8.0,linear,"{'C': 8.0, 'kernel': 'linear'}",0.3333333333333333,0.6,0.6,1.0,0.6,0.6266666666666667,0.21333333333333335,95
296,0.008056163787841797,0.0013036872316019685,0.0038370132446289063,0.0003076380844861577,75.0,linear,"{'C': 75.0, 'kernel': 'linear'}",0.3333333333333333,0.6,0.6,1.0,0.6,0.6266666666666667,0.21333333333333335,95
332,0.007660579681396484,0.0013251378957259226,0.004456186294555664,0.0005818632967312608,84.0,linear,"{'C': 84.0, 'kernel': 'linear'}",0.3333333333333333,0.6,0.6,1.0,0.6,0.6266666666666667,0.21333333333333335,95
292,0.014524459838867188,0.009421372486006536,0.004188823699951172,0.0003990890696467079,74.0,linear,"{'C': 74.0, 'kernel': 'linear'}",0.3333333333333333,0.6,0.6,1.0,0.6,0.6266666666666667,0.21333333333333335,95
288,0.008058261871337891,0.000651903267634432,0.00439910888671875,0.0004803891542606754,73.0,linear,"{'C': 73.0, 'kernel': 'linear'}",0.3333333333333333,0.6,0.6,1.0,0.6,0.6266666666666667,0.21333333333333335,95
32,0.010114717483520507,0.004790699713561284,0.00478830337524414,0.0011632193263442035,9.0,linear,"{'C': 9.0, 'kernel': 'linear'}",0.3333333333333333,0.6,0.6,1.0,0.6,0.6266666666666667,0.21333333333333335,95
284,0.008163118362426757,0.0008808772434586558,0.003989791870117188,1.9981695976025546e-06,72.0,linear,"{'C': 72.0, 'kernel': 'linear'}",0.3333333333333333,0.6,0.6,1.0,0.6,0.6266666666666667,0.21333333333333335,95
252,0.0074155330657958984,0.0008263812884765506,0.004268550872802734,0.00039035308140145315,64.0,linear,"{'C': 64.0, 'kernel': 'linear'}",0.3333333333333333,0.6,0.6,1.0,0.6,0.6266666666666667,0.21333333333333335,95
256,0.00852189064025879,0.0022559538098178393,0.004457235336303711,0.0005822549764572945,65.0,linear,"{'C': 65.0, 'kernel': 'linear'}",0.3333333333333333,0.6,0.6,1.0,0.6,0.6266666666666667,0.21333333333333335,95
344,0.007732105255126953,0.0009085480882628481,0.003989601135253906,0.0006307512025449086,87.0,linear,"{'C': 87.0, 'kernel': 'linear'}",0.3333333333333333,0.6,0.6,1.0,0.6,0.6266666666666667,0.21333333333333335,95
40,0.006182813644409179,0.003115497043808721,0.0032833576202392577,0.0016512341660215707,11.0,linear,"{'C': 11.0, 'kernel': 'linear'}",0.3333333333333333,0.6,0.6,1.0,0.6,0.6266666666666667,0.21333333333333335,95
260,0.00899958610534668,0.0018152928018536937,0.004423952102661133,0.001074098202578659,66.0,linear,"{'C': 66.0, 'kernel': 'linear'}",0.3333333333333333,0.6,0.6,1.0,0.6,0.6266666666666667,0.21333333333333335,95
16,0.00588521957397461,0.001925712673168574,0.0033998489379882812,0.0011870156694574606,5.0,linear,"{'C': 5.0, 'kernel': 'linear'}",0.3333333333333333,0.6,0.6,1.0,0.6,0.6266666666666667,0.21333333333333335,95
68,0.007579612731933594,0.0007978917094359233,0.00438847541809082,0.0004884027398856699,18.0,linear,"{'C': 18.0, 'kernel': 'linear'}",0.3333333333333333,0.6,0.6,1.0,0.6,0.6266666666666667,0.21333333333333335,95
264,0.008652973175048827,0.001410032458530735,0.00439906120300293,0.0007928806627837327,67.0,linear,"{'C': 67.0, 'kernel': 'linear'}",0.3333333333333333,0.6,0.6,1.0,0.6,0.6266666666666667,0.21333333333333335,95
340,0.009167671203613281,0.0017340438262111316,0.003989410400390625,1.0598235497900422e-06,86.0,linear,"{'C': 86.0, 'kernel': 'linear'}",0.3333333333333333,0.6,0.6,1.0,0.6,0.6266666666666667,0.21333333333333335,95
36,0.008015298843383789,0.006629725353593636,0.0022751331329345704,0.0018701581770132697,10.0,linear,"{'C': 10.0, 'kernel': 'linear'}",0.3333333333333333,0.6,0.6,1.0,0.6,0.6266666666666667,0.21333333333333335,95
272,0.007324695587158203,0.0007627199423432652,0.004048633575439453,0.00011882868088338308,69.0,linear,"{'C': 69.0, 'kernel': 'linear'}",0.3333333333333333,0.6,0.6,1.0,0.6,0.6266666666666667,0.21333333333333335,95
276,0.007828283309936523,0.0002325118027335011,0.00423274040222168,0.00038635115675957646,70.0,linear,"{'C': 70.0, 'kernel': 'linear'}",0.3333333333333333,0.6,0.6,1.0,0.6,0.6266666666666667,0.21333333333333335,95
280,0.008525419235229491,0.0019955982891137047,0.008287715911865234,0.007999798009041317,71.0,linear,"{'C': 71.0, 'kernel': 'linear'}",0.3333333333333333,0.6,0.6,1.0,0.6,0.6266666666666667,0.21333333333333335,95
336,0.008213376998901368,0.0011888270044556422,0.00438838005065918,0.0004892592628552327,85.0,linear,"{'C': 85.0, 'kernel': 'linear'}",0.3333333333333333,0.6,0.6,1.0,0.6,0.6266666666666667,0.21333333333333335,95
268,0.010033845901489258,0.004651457383902464,0.004387521743774414,0.0004884026933311222,68.0,linear,"{'C': 68.0, 'kernel': 'linear'}",0.3333333333333333,0.6,0.6,1.0,0.6,0.6266666666666667,0.21333333333333335,95
164,0.010172700881958008,0.0017160838196557363,0.0047873973846435545,0.0011636774044752691,42.0,linear,"{'C': 42.0, 'kernel': 'linear'}",0.3333333333333333,0.6,0.6,1.0,0.6,0.6266666666666667,0.21333333333333335,95
208,0.007979345321655274,0.000892817388270516,0.006382894515991211,0.002793097635948524,53.0,linear,"{'C': 53.0, 'kernel': 'linear'}",0.3333333333333333,0.6,0.6,1.0,0.6,0.6266666666666667,0.21333333333333335,95
392,0.01005868911743164,0.0038431650311638445,0.004389047622680664,0.0004896898227595049,99.0,linear,"{'C': 99.0, 'kernel': 'linear'}",0.3333333333333333,0.6,0.6,1.0,0.6,0.6266666666666667,0.21333333333333335,95
76,0.0078010082244873045,0.002122108217996569,0.0040225982666015625,0.0008553283455463095,20.0,linear,"{'C': 20.0, 'kernel': 'linear'}",0.3333333333333333,0.6,0.6,1.0,0.6,0.6266666666666667,0.21333333333333335,95
104,0.007778835296630859,0.0007453210122529994,0.004189348220825196,0.00039966152994786065,27.0,linear,"{'C': 27.0, 'kernel': 'linear'}",0.3333333333333333,0.6,0.6,1.0,0.6,0.6266666666666667,0.21333333333333335,95
124,0.009974145889282226,0.004039095067483265,0.005783748626708984,0.0031162360720093304,32.0,linear,"{'C': 32.0, 'kernel': 'linear'}",0.3333333333333333,0.6,0.6,1.0,0.6,0.6266666666666667,0.21333333333333335,95
88,0.008776330947875976,0.001162646812229663,0.005385828018188476,0.002326622474535766,23.0,linear,"{'C': 23.0, 'kernel': 'linear'}",0.3333333333333333,0.6,0.6,1.0,0.6,0.6266666666666667,0.21333333333333335,95
388,0.00778050422668457,0.0007236362225302007,0.00475916862487793,0.0016674090170784525,98.0,linear,"{'C': 98.0, 'kernel': 'linear'}",0.3333333333333333,0.6,0.6,1.0,0.6,0.6266666666666667,0.21333333333333335,95
108,0.007595968246459961,0.002784144892245376,0.004188728332519531,0.0009769997093017132,28.0,linear,"{'C': 28.0, 'kernel': 'linear'}",0.3333333333333333,0.6,0.6,1.0,0.6,0.6266666666666667,0.21333333333333335,95
136,0.011967945098876952,0.004137260950774159,0.005185651779174805,0.0011631056436589417,35.0,linear,"{'C': 35.0, 'kernel': 'linear'}",0.3333333333333333,0.6,0.6,1.0,0.6,0.6266666666666667,0.21333333333333335,95
148,0.008177661895751953,0.0009773013599967142,0.005387496948242187,0.0011976740592517419,38.0,linear,"{'C': 38.0, 'kernel': 'linear'}",0.3333333333333333,0.6,0.6,1.0,0.6,0.6266666666666667,0.21333333333333335,95
380,0.010555696487426759,0.0028963497814964603,0.004787540435791016,0.0009775447678454564,96.0,linear,"{'C': 96.0, 'kernel': 'linear'}",0.3333333333333333,0.6,0.6,1.0,0.6,0.6266666666666667,0.21333333333333335,95
140,0.007184267044067383,0.0007417059372499686,0.004584264755249023,0.0008006595768638925,36.0,linear,"{'C': 36.0, 'kernel': 'linear'}",0.3333333333333333,0.6,0.6,1.0,0.6,0.6266666666666667,0.21333333333333335,95
80,0.00758514404296875,0.0014801902274942792,0.004389905929565429,0.0007968492021434043,21.0,linear,"{'C': 21.0, 'kernel': 'linear'}",0.3333333333333333,0.6,0.6,1.0,0.6,0.6266666666666667,0.21333333333333335,95
112,0.007180547714233399,0.0007465190463940827,0.003989553451538086,9.246215548355731e-07,29.0,linear,"{'C': 29.0, 'kernel': 'linear'}",0.3333333333333333,0.6,0.6,1.0,0.6,0.6266666666666667,0.21333333333333335,95
84,0.01077113151550293,0.0034199739465847847,0.003989791870117188,1.2936267820597206e-06,22.0,linear,"{'C': 22.0, 'kernel': 'linear'}",0.3333333333333333,0.6,0.6,1.0,0.6,0.6266666666666667,0.21333333333333335,95
144,0.007779264450073242,0.0007466461057448303,0.0055847644805908205,0.0022393645509719146,37.0,linear,"{'C': 37.0, 'kernel': 'linear'}",0.3333333333333333,0.6,0.6,1.0,0.6,0.6266666666666667,0.21333333333333335,95
120,0.008177757263183594,0.0003988747531183529,0.004189014434814453,0.0003988750951408693,31.0,linear,"{'C': 31.0, 'kernel': 'linear'}",0.3333333333333333,0.6,0.6,1.0,0.6,0.6266666666666667,0.21333333333333335,95
384,0.0075794696807861325,0.000797581906076741,0.00451817512512207,0.0010427433022204835,97.0,linear,"{'C': 97.0, 'kernel': 'linear'}",0.3333333333333333,0.6,0.6,1.0,0.6,0.6266666666666667,0.21333333333333335,95
152,0.008377361297607421,0.0010172429178690687,0.012567472457885743,0.012273100808694629,39.0,linear,"{'C': 39.0, 'kernel': 'linear'}",0.3333333333333333,0.6,0.6,1.0,0.6,0.6266666666666667,0.21333333333333335,95
116,0.007978200912475586,0.0015451106164113878,0.004189205169677734,0.00039913669637106657,30.0,linear,"{'C': 30.0, 'kernel': 'linear'}",0.3333333333333333,0.6,0.6,1.0,0.6,0.6266666666666667,0.21333333333333335,95
72,0.007779455184936524,0.0007465058427979447,0.003989171981811523,8.714517060516866e-07,19.0,linear,"{'C': 19.0, 'kernel': 'linear'}",0.3333333333333333,0.6,0.6,1.0,0.6,0.6266666666666667,0.21333333333333335,95
376,0.008399105072021485,0.000776378005175642,0.00544271469116211,0.0015196778881224377,95.0,linear,"{'C': 95.0, 'kernel': 'linear'}",0.3333333333333333,0.6,0.6,1.0,0.6,0.6266666666666667,0.21333333333333335,95
160,0.009375381469726562,0.0025718185688782154,0.005983734130859375,0.002276280297533544,41.0,linear,"{'C': 41.0, 'kernel': 'linear'}",0.3333333333333333,0.6,0.6,1.0,0.6,0.6266666666666667,0.21333333333333335,95
132,0.00757904052734375,0.0004889674412884019,0.0055885791778564455,0.001625150316543873,34.0,linear,"{'C': 34.0, 'kernel': 'linear'}",0.3333333333333333,0.6,0.6,1.0,0.6,0.6266666666666667,0.21333333333333335,95
96,0.007180452346801758,0.0003992323770061878,0.004189062118530274,0.00039920855297491224,25.0,linear,"{'C': 25.0, 'kernel': 'linear'}",0.3333333333333333,0.6,0.6,1.0,0.6,0.6266666666666667,0.21333333333333335,95
396,0.00748291015625,0.0005200821504841857,0.009082937240600586,0.008914782808138864,100.0,linear,"{'C': 100.0, 'kernel': 'linear'}",0.3333333333333333,0.6,0.6,1.0,0.6,0.6266666666666667,0.21333333333333335,95
128,0.009574031829833985,0.003488804273827774,0.009175777435302734,0.004778870965773759,33.0,linear,"{'C': 33.0, 'kernel': 'linear'}",0.3333333333333333,0.6,0.6,1.0,0.6,0.6266666666666667,0.21333333333333335,95
100,0.007978534698486328,0.0014103684255231837,0.004987096786499024,0.0010931892772465205,26.0,linear,"{'C': 26.0, 'kernel': 'linear'}",0.3333333333333333,0.6,0.6,1.0,0.6,0.6266666666666667,0.21333333333333335,95
92,0.008975601196289063,0.0006310527807521888,0.0047876834869384766,0.0007471182225796812,24.0,linear,"{'C': 24.0, 'kernel': 'linear'}",0.3333333333333333,0.6,0.6,1.0,0.6,0.6266666666666667,0.21333333333333335,95
156,0.00937509536743164,0.002148623594532175,0.009973239898681641,0.010980391292590076,40.0,linear,"{'C': 40.0, 'kernel': 'linear'}",0.3333333333333333,0.6,0.6,1.0,0.6,0.6266666666666667,0.21333333333333335,95
23,0.005727243423461914,0.00568453724448338,0.0025254249572753905,0.001806536617186901,6.0,sigmoid,"{'C': 6.0, 'kernel': 'sigmoid'}",0.5,0.8,0.6,0.6,0.6,0.62,0.09797958971132714,193
67,0.003988933563232422,6.106495129998063e-07,0.004076433181762695,0.0005053160694765592,17.0,sigmoid,"{'C': 17.0, 'kernel': 'sigmoid'}",0.5,0.6,0.4,0.8,0.8,0.6199999999999999,0.16,194
341,0.0065304279327392575,0.0015462842369303182,0.006084442138671875,0.0015745869106028835,86.0,rbf,"{'C': 86.0, 'kernel': 'rbf'}",0.6666666666666666,0.8,0.6,0.4,0.6,0.6133333333333334,0.12927146286443544,195
269,0.004986381530761719,0.0006309019375893444,0.005798816680908203,0.0018491581950027122,68.0,rbf,"{'C': 68.0, 'kernel': 'rbf'}",0.6666666666666666,0.8,0.6,0.4,0.6,0.6133333333333334,0.12927146286443544,195
117,0.007378053665161133,0.0028628677436620185,0.006783199310302734,0.0022216474849975957,30.0,rbf,"{'C': 30.0, 'kernel': 'rbf'}",0.6666666666666666,0.8,0.6,0.4,0.6,0.6133333333333334,0.12927146286443544,195
265,0.0058057308197021484,0.0007156764223816572,0.004731082916259765,0.0010587180062880833,67.0,rbf,"{'C': 67.0, 'kernel': 'rbf'}",0.6666666666666666,0.8,0.6,0.4,0.6,0.6133333333333334,0.12927146286443544,195
249,0.003191041946411133,0.0026307349249700823,0.00795917510986328,0.004432039015239243,63.0,rbf,"{'C': 63.0, 'kernel': 'rbf'}",0.6666666666666666,0.8,0.6,0.4,0.6,0.6133333333333334,0.12927146286443544,195
121,0.0055847644805908205,0.0007976533835268102,0.004587841033935547,0.0004888699426821139,31.0,rbf,"{'C': 31.0, 'kernel': 'rbf'}",0.6666666666666666,0.8,0.6,0.4,0.6,0.6133333333333334,0.12927146286443544,195
389,0.010146093368530274,0.0098261627993608,0.004459762573242187,0.0005274289448189961,98.0,rbf,"{'C': 98.0, 'kernel': 'rbf'}",0.6666666666666666,0.8,0.6,0.4,0.6,0.6133333333333334,0.12927146286443544,195
245,0.005265283584594727,0.0005582335564076623,0.005466747283935547,0.0029352562367346642,62.0,rbf,"{'C': 62.0, 'kernel': 'rbf'}",0.6666666666666666,0.8,0.6,0.4,0.6,0.6133333333333334,0.12927146286443544,195
93,0.005385446548461914,0.0004887727270027227,0.00438838005065918,0.00048799414128596167,24.0,rbf,"{'C': 24.0, 'kernel': 'rbf'}",0.6666666666666666,0.8,0.6,0.4,0.6,0.6133333333333334,0.12927146286443544,195
257,0.005499458312988282,0.0008426410757303897,0.005386734008789062,0.0007976796678523238,65.0,rbf,"{'C': 65.0, 'kernel': 'rbf'}",0.6666666666666666,0.8,0.6,0.4,0.6,0.6133333333333334,0.12927146286443544,195
81,0.006781435012817383,0.002631107273277047,0.006981611251831055,0.0035117512433969814,21.0,rbf,"{'C': 21.0, 'kernel': 'rbf'}",0.6666666666666666,0.8,0.6,0.4,0.6,0.6133333333333334,0.12927146286443544,195
345,0.005192804336547852,0.0003957631327724091,0.004658412933349609,0.0005605950890083677,87.0,rbf,"{'C': 87.0, 'kernel': 'rbf'}",0.6666666666666666,0.8,0.6,0.4,0.6,0.6133333333333334,0.12927146286443544,195
253,0.003402519226074219,0.0020458199974307005,0.011302709579467773,0.011529313122436402,64.0,rbf,"{'C': 64.0, 'kernel': 'rbf'}",0.6666666666666666,0.8,0.6,0.4,0.6,0.6133333333333334,0.12927146286443544,195
125,0.004986763000488281,1.0337583250369453e-06,0.004188680648803711,0.0003992806870708707,32.0,rbf,"{'C': 32.0, 'kernel': 'rbf'}",0.6666666666666666,0.8,0.6,0.4,0.6,0.6133333333333334,0.12927146286443544,195
241,0.002405118942260742,0.002236936006586941,0.005318737030029297,0.005783995242585504,61.0,rbf,"{'C': 61.0, 'kernel': 'rbf'}",0.6666666666666666,0.8,0.6,0.4,0.6,0.6133333333333334,0.12927146286443544,195
261,0.005495691299438476,0.0005109596311180538,0.004935789108276367,0.0006385856453583695,66.0,rbf,"{'C': 66.0, 'kernel': 'rbf'}",0.6666666666666666,0.8,0.6,0.4,0.6,0.6133333333333334,0.12927146286443544,195
69,0.005156326293945313,0.0006644916719883689,0.0033903598785400392,0.0011968056829243351,18.0,rbf,"{'C': 18.0, 'kernel': 'rbf'}",0.6666666666666666,0.8,0.6,0.4,0.6,0.6133333333333334,0.12927146286443544,195
273,0.006262731552124023,0.0019325277819905813,0.004669094085693359,0.0005597492794439274,69.0,rbf,"{'C': 69.0, 'kernel': 'rbf'}",0.6666666666666666,0.8,0.6,0.4,0.6,0.6133333333333334,0.12927146286443544,195
325,0.005585622787475586,0.0007968917995490942,0.004141569137573242,0.00018770893237114432,82.0,rbf,"{'C': 82.0, 'kernel': 'rbf'}",0.6666666666666666,0.8,0.6,0.4,0.6,0.6133333333333334,0.12927146286443544,195
317,0.009721946716308594,0.00825039917553232,0.004541635513305664,0.0009568078892654004,80.0,rbf,"{'C': 80.0, 'kernel': 'rbf'}",0.6666666666666666,0.8,0.6,0.4,0.6,0.6133333333333334,0.12927146286443544,195
97,0.005385351181030273,0.0004883635580085585,0.004987382888793945,0.0008916973505913735,25.0,rbf,"{'C': 25.0, 'kernel': 'rbf'}",0.6666666666666666,0.8,0.6,0.4,0.6,0.6133333333333334,0.12927146286443544,195
313,0.005833244323730469,0.0007653913081785269,0.005018854141235351,0.0010949532308342017,79.0,rbf,"{'C': 79.0, 'kernel': 'rbf'}",0.6666666666666666,0.8,0.6,0.4,0.6,0.6133333333333334,0.12927146286443544,195
397,0.005456256866455078,0.00043783875956245733,0.0048236846923828125,0.0008045476689939069,100.0,rbf,"{'C': 100.0, 'kernel': 'rbf'}",0.6666666666666666,0.8,0.6,0.4,0.6,0.6133333333333334,0.12927146286443544,195
309,0.006333684921264649,0.0014173023208923097,0.0056664466857910155,0.002297213760690342,78.0,rbf,"{'C': 78.0, 'kernel': 'rbf'}",0.6666666666666666,0.8,0.6,0.4,0.6,0.6133333333333334,0.12927146286443544,195
101,0.004849576950073242,0.0011241548068397175,0.00539240837097168,0.0038634504780184664,26.0,rbf,"{'C': 26.0, 'kernel': 'rbf'}",0.6666666666666666,0.8,0.6,0.4,0.6,0.6133333333333334,0.12927146286443544,195
25,0.004987144470214843,1.934572484502868e-06,0.0051859855651855465,0.0009773523449265234,7.0,rbf,"{'C': 7.0, 'kernel': 'rbf'}",0.6666666666666666,0.6,0.6,0.6,0.6,0.6133333333333334,0.026666666666666665,195
305,0.005200338363647461,0.0004081877422646296,0.007258939743041992,0.003406427812294295,77.0,rbf,"{'C': 77.0, 'kernel': 'rbf'}",0.6666666666666666,0.8,0.6,0.4,0.6,0.6133333333333334,0.12927146286443544,195
89,0.0056422710418701175,0.0004286601516400505,0.003801774978637695,0.0013159011165069724,23.0,rbf,"{'C': 23.0, 'kernel': 'rbf'}",0.6666666666666666,0.8,0.6,0.4,0.6,0.6133333333333334,0.12927146286443544,195
329,0.006165790557861328,0.0016351503486482385,0.003989553451538086,3.2340669551493016e-07,83.0,rbf,"{'C': 83.0, 'kernel': 'rbf'}",0.6666666666666666,0.8,0.6,0.4,0.6,0.6133333333333334,0.12927146286443544,195
85,0.00903472900390625,0.008016452465986824,0.004398775100708008,0.0014839140599640927,22.0,rbf,"{'C': 22.0, 'kernel': 'rbf'}",0.6666666666666666,0.8,0.6,0.4,0.6,0.6133333333333334,0.12927146286443544,195
301,0.0064582347869873045,0.0019102589540885865,0.004400014877319336,0.0005391499085846544,76.0,rbf,"{'C': 76.0, 'kernel': 'rbf'}",0.6666666666666666,0.8,0.6,0.4,0.6,0.6133333333333334,0.12927146286443544,195
297,0.005247783660888672,0.0005299518364271831,0.004388046264648437,0.00048797468810126164,75.0,rbf,"{'C': 75.0, 'kernel': 'rbf'}",0.6666666666666666,0.8,0.6,0.4,0.6,0.6133333333333334,0.12927146286443544,195
293,0.005341863632202149,0.0003650770851031917,0.004389429092407226,0.0004883089467478486,74.0,rbf,"{'C': 74.0, 'kernel': 'rbf'}",0.6666666666666666,0.8,0.6,0.4,0.6,0.6133333333333334,0.12927146286443544,195
333,0.005453348159790039,0.0005850848669446994,0.004595899581909179,0.00081299846957545,84.0,rbf,"{'C': 84.0, 'kernel': 'rbf'}",0.6666666666666666,0.8,0.6,0.4,0.6,0.6133333333333334,0.12927146286443544,195
289,0.006002950668334961,0.0011756911748100763,0.0045491218566894535,0.0005409435758316279,73.0,rbf,"{'C': 73.0, 'kernel': 'rbf'}",0.6666666666666666,0.8,0.6,0.4,0.6,0.6133333333333334,0.12927146286443544,195
109,0.004989480972290039,5.44012477758471e-06,0.004385900497436523,0.0004859623242803273,28.0,rbf,"{'C': 28.0, 'kernel': 'rbf'}",0.6666666666666666,0.8,0.6,0.4,0.6,0.6133333333333334,0.12927146286443544,195
393,0.005827808380126953,0.0016820908201053053,0.0044306755065917965,0.0005446758846708832,99.0,rbf,"{'C': 99.0, 'kernel': 'rbf'}",0.6666666666666666,0.8,0.6,0.4,0.6,0.6133333333333334,0.12927146286443544,195
285,0.005334329605102539,0.0009387217677145083,0.004452800750732422,0.00045184072625581066,72.0,rbf,"{'C': 72.0, 'kernel': 'rbf'}",0.6666666666666666,0.8,0.6,0.4,0.6,0.6133333333333334,0.12927146286443544,195
281,0.005784416198730468,0.0007467098861382267,0.005679035186767578,0.0026138636436432165,71.0,rbf,"{'C': 71.0, 'kernel': 'rbf'}",0.6666666666666666,0.8,0.6,0.4,0.6,0.6133333333333334,0.12927146286443544,195
113,0.005587482452392578,0.0008031300125621268,0.004385137557983398,0.00048609446464310764,29.0,rbf,"{'C': 29.0, 'kernel': 'rbf'}",0.6666666666666666,0.8,0.6,0.4,0.6,0.6133333333333334,0.12927146286443544,195
337,0.005068683624267578,0.00016610666037883155,0.0041905403137207035,0.0003985957816839339,85.0,rbf,"{'C': 85.0, 'kernel': 'rbf'}",0.6666666666666666,0.8,0.6,0.4,0.6,0.6133333333333334,0.12927146286443544,195
277,0.005063581466674805,0.00015590397802339945,0.0050275325775146484,0.0008490958954911113,70.0,rbf,"{'C': 70.0, 'kernel': 'rbf'}",0.6666666666666666,0.8,0.6,0.4,0.6,0.6133333333333334,0.12927146286443544,195
105,0.006780242919921875,0.0032417828771718216,0.004388570785522461,0.0007984640136267453,27.0,rbf,"{'C': 27.0, 'kernel': 'rbf'}",0.6666666666666666,0.8,0.6,0.4,0.6,0.6133333333333334,0.12927146286443544,195
349,0.005453872680664063,0.0011277376359021473,0.005055952072143555,0.0009029039380015618,88.0,rbf,"{'C': 88.0, 'kernel': 'rbf'}",0.6666666666666666,0.8,0.6,0.4,0.6,0.6133333333333334,0.12927146286443544,195
129,0.008377742767333985,0.004068359777031771,0.010372161865234375,0.009804649608288639,33.0,rbf,"{'C': 33.0, 'kernel': 'rbf'}",0.6666666666666666,0.8,0.6,0.4,0.6,0.6133333333333334,0.12927146286443544,195
237,0.004532051086425781,0.005838084978738815,0.004121971130371094,0.006065977000446783,60.0,rbf,"{'C': 60.0, 'kernel': 'rbf'}",0.6666666666666666,0.8,0.6,0.4,0.6,0.6133333333333334,0.12927146286443544,195
321,0.0051937103271484375,0.00039564242503279496,0.004267358779907226,0.0005558029256929107,81.0,rbf,"{'C': 81.0, 'kernel': 'rbf'}",0.6666666666666666,0.8,0.6,0.4,0.6,0.6133333333333334,0.12927146286443544,195
57,0.005983734130859375,0.001261313572935009,0.0045792579650878905,0.0008039507492513546,15.0,rbf,"{'C': 15.0, 'kernel': 'rbf'}",0.6666666666666666,0.8,0.6,0.4,0.6,0.6133333333333334,0.12927146286443544,195
205,0.0055847644805908205,0.000487975526817437,0.00518651008605957,0.0011629165909999622,52.0,rbf,"{'C': 52.0, 'kernel': 'rbf'}",0.6666666666666666,0.8,0.6,0.4,0.6,0.6133333333333334,0.12927146286443544,195
145,0.005186223983764648,0.0004002340747329523,0.0045909881591796875,0.0008031775791989825,37.0,rbf,"{'C': 37.0, 'kernel': 'rbf'}",0.6666666666666666,0.8,0.6,0.4,0.6,0.6133333333333334,0.12927146286443544,195
201,0.005983877182006836,0.0006314306996560641,0.005584621429443359,0.002326005140540208,51.0,rbf,"{'C': 51.0, 'kernel': 'rbf'}",0.6666666666666666,0.8,0.6,0.4,0.6,0.6133333333333334,0.12927146286443544,195
381,0.0061378002166748045,0.0006586210332040529,0.0050641059875488285,0.0012355474690385582,96.0,rbf,"{'C': 96.0, 'kernel': 'rbf'}",0.6666666666666666,0.8,0.6,0.4,0.6,0.6133333333333334,0.12927146286443544,195
197,0.007381057739257813,0.00224014774162266,0.0043871402740478516,0.0007997758965283109,50.0,rbf,"{'C': 50.0, 'kernel': 'rbf'}",0.6666666666666666,0.8,0.6,0.4,0.6,0.6133333333333334,0.12927146286443544,195
149,0.00817713737487793,0.00298408304377332,0.005984115600585938,0.0021855081515410163,38.0,rbf,"{'C': 38.0, 'kernel': 'rbf'}",0.6666666666666666,0.8,0.6,0.4,0.6,0.6133333333333334,0.12927146286443544,195
365,0.0047872066497802734,0.0002661416097204747,0.004254484176635742,0.0003876075368073528,92.0,rbf,"{'C': 92.0, 'kernel': 'rbf'}",0.6666666666666666,0.8,0.6,0.4,0.6,0.6133333333333334,0.12927146286443544,195
193,0.00797896385192871,0.00367860289638026,0.005983304977416992,0.0017836334575930784,49.0,rbf,"{'C': 49.0, 'kernel': 'rbf'}",0.6666666666666666,0.8,0.6,0.4,0.6,0.6133333333333334,0.12927146286443544,195
61,0.005385303497314453,0.0004887919902673102,0.004787540435791016,0.00039916079811327287,16.0,rbf,"{'C': 16.0, 'kernel': 'rbf'}",0.6666666666666666,0.8,0.6,0.4,0.6,0.6133333333333334,0.12927146286443544,195
189,0.00538487434387207,0.00048758700029409243,0.004588699340820313,0.0007986308194012432,48.0,rbf,"{'C': 48.0, 'kernel': 'rbf'}",0.6666666666666666,0.8,0.6,0.4,0.6,0.6133333333333334,0.12927146286443544,195
209,0.008576154708862305,0.002718649348919354,0.005784177780151367,0.000977846887516427,53.0,rbf,"{'C': 53.0, 'kernel': 'rbf'}",0.6666666666666666,0.8,0.6,0.4,0.6,0.6133333333333334,0.12927146286443544,195
73,0.004987335205078125,0.001409357239958232,0.007062530517578125,0.00795435062076188,19.0,rbf,"{'C': 19.0, 'kernel': 'rbf'}",0.6666666666666666,0.8,0.6,0.4,0.6,0.6133333333333334,0.12927146286443544,195
153,0.006980705261230469,0.001260598391947062,0.007779121398925781,0.004941896196302468,39.0,rbf,"{'C': 39.0, 'kernel': 'rbf'}",0.6666666666666666,0.8,0.6,0.4,0.6,0.6133333333333334,0.12927146286443544,195
369,0.005494070053100586,0.0006966064643436635,0.007973670959472656,0.006596625769534549,93.0,rbf,"{'C': 93.0, 'kernel': 'rbf'}",0.6666666666666666,0.8,0.6,0.4,0.6,0.6133333333333334,0.12927146286443544,195
181,0.009374570846557618,0.003372807958325451,0.005785036087036133,0.0026321702822506435,46.0,rbf,"{'C': 46.0, 'kernel': 'rbf'}",0.6666666666666666,0.8,0.6,0.4,0.6,0.6133333333333334,0.12927146286443544,195
65,0.006183767318725586,0.0011632518715285116,0.004786825180053711,0.0007461874694823183,17.0,rbf,"{'C': 17.0, 'kernel': 'rbf'}",0.6666666666666666,0.8,0.6,0.4,0.6,0.6133333333333334,0.12927146286443544,195
177,0.0077799797058105465,0.005101890402330867,0.00558619499206543,0.0018495687666437778,45.0,rbf,"{'C': 45.0, 'kernel': 'rbf'}",0.6666666666666666,0.8,0.6,0.4,0.6,0.6133333333333334,0.12927146286443544,195
157,0.00578455924987793,0.0007464933364774546,0.00518646240234375,0.0009776914206865725,40.0,rbf,"{'C': 40.0, 'kernel': 'rbf'}",0.6666666666666666,0.8,0.6,0.4,0.6,0.6133333333333334,0.12927146286443544,195
173,0.006181907653808594,0.0015964877743582329,0.007779645919799805,0.003959701614537026,44.0,rbf,"{'C': 44.0, 'kernel': 'rbf'}",0.6666666666666666,0.8,0.6,0.4,0.6,0.6133333333333334,0.12927146286443544,195
377,0.005241823196411133,0.0005113126292642497,0.0046555519104003905,0.0004140327207947869,95.0,rbf,"{'C': 95.0, 'kernel': 'rbf'}",0.6666666666666666,0.8,0.6,0.4,0.6,0.6133333333333334,0.12927146286443544,195
373,0.004986190795898437,4.28782408644988e-06,0.007033491134643554,0.005602268063532213,94.0,rbf,"{'C': 94.0, 'kernel': 'rbf'}",0.6666666666666666,0.8,0.6,0.4,0.6,0.6133333333333334,0.12927146286443544,195
169,0.0065823554992675785,0.0013526768432786794,0.0063838958740234375,0.001354477221142774,43.0,rbf,"{'C': 43.0, 'kernel': 'rbf'}",0.6666666666666666,0.8,0.6,0.4,0.6,0.6133333333333334,0.12927146286443544,195
165,0.005585956573486328,0.0008002171937898887,0.004786300659179688,0.0004000958544358662,42.0,rbf,"{'C': 42.0, 'kernel': 'rbf'}",0.6666666666666666,0.8,0.6,0.4,0.6,0.6133333333333334,0.12927146286443544,195
161,0.005784463882446289,0.00039921413463498757,0.005385255813598633,0.001354343672035305,41.0,rbf,"{'C': 41.0, 'kernel': 'rbf'}",0.6666666666666666,0.8,0.6,0.4,0.6,0.6133333333333334,0.12927146286443544,195
185,0.006182956695556641,0.0007459584540496397,0.005786514282226563,0.0007457456711672441,47.0,rbf,"{'C': 47.0, 'kernel': 'rbf'}",0.6666666666666666,0.8,0.6,0.4,0.6,0.6133333333333334,0.12927146286443544,195
141,0.009773874282836914,0.006475509237362347,0.006383085250854492,0.003919444288690679,36.0,rbf,"{'C': 36.0, 'kernel': 'rbf'}",0.6666666666666666,0.8,0.6,0.4,0.6,0.6133333333333334,0.12927146286443544,195
361,0.005169057846069336,0.0002869475356322358,0.006279706954956055,0.004220829967312619,91.0,rbf,"{'C': 91.0, 'kernel': 'rbf'}",0.6666666666666666,0.8,0.6,0.4,0.6,0.6133333333333334,0.12927146286443544,195
217,0.003402519226074219,0.002140913790646903,0.010305547714233398,0.010244336602266998,55.0,rbf,"{'C': 55.0, 'kernel': 'rbf'}",0.6666666666666666,0.8,0.6,0.4,0.6,0.6133333333333334,0.12927146286443544,195
225,0.006233406066894531,0.005109345781306186,0.004318809509277344,0.0029501218157107784,57.0,rbf,"{'C': 57.0, 'kernel': 'rbf'}",0.6666666666666666,0.8,0.6,0.4,0.6,0.6133333333333334,0.12927146286443544,195
53,0.005984067916870117,0.001544802858627719,0.007978439331054688,0.005314999483379565,14.0,rbf,"{'C': 14.0, 'kernel': 'rbf'}",0.6666666666666666,0.8,0.6,0.4,0.6,0.6133333333333334,0.12927146286443544,195
77,0.005473136901855469,0.00044669724751099463,0.004270505905151367,0.0006237862142122865,20.0,rbf,"{'C': 20.0, 'kernel': 'rbf'}",0.6666666666666666,0.8,0.6,0.4,0.6,0.6133333333333334,0.12927146286443544,195
353,0.006117105484008789,0.0015260561378190542,0.004255056381225586,0.0005307200141350877,89.0,rbf,"{'C': 89.0, 'kernel': 'rbf'}",0.6666666666666666,0.8,0.6,0.4,0.6,0.6133333333333334,0.12927146286443544,195
221,0.0053861141204833984,0.000488909744366281,0.00478658676147461,0.0007468254961004579,56.0,rbf,"{'C': 56.0, 'kernel': 'rbf'}",0.6666666666666666,0.8,0.6,0.4,0.6,0.6133333333333334,0.12927146286443544,195
229,0.006116342544555664,0.005130386922038388,0.002604818344116211,0.002161548794102808,58.0,rbf,"{'C': 58.0, 'kernel': 'rbf'}",0.6666666666666666,0.8,0.6,0.4,0.6,0.6133333333333334,0.12927146286443544,195
137,0.006580972671508789,0.0014920432378081512,0.007781600952148438,0.002129616154581043,35.0,rbf,"{'C': 35.0, 'kernel': 'rbf'}",0.6666666666666666,0.8,0.6,0.4,0.6,0.6133333333333334,0.12927146286443544,195
133,0.006777429580688476,0.003589204883749421,0.005187892913818359,0.0011636627909888356,34.0,rbf,"{'C': 34.0, 'kernel': 'rbf'}",0.6666666666666666,0.8,0.6,0.4,0.6,0.6133333333333334,0.12927146286443544,195
357,0.004904794692993164,0.00047530142481524675,0.004188251495361328,0.0003994947402960975,90.0,rbf,"{'C': 90.0, 'kernel': 'rbf'}",0.6666666666666666,0.8,0.6,0.4,0.6,0.6133333333333334,0.12927146286443544,195
233,0.005022096633911133,7.126496840488798e-05,0.004666900634765625,0.0009405864245655941,59.0,rbf,"{'C': 59.0, 'kernel': 'rbf'}",0.6666666666666666,0.8,0.6,0.4,0.6,0.6133333333333334,0.12927146286443544,195
213,0.0036586761474609376,0.0029899368877809637,0.007689857482910156,0.004638398841418948,54.0,rbf,"{'C': 54.0, 'kernel': 'rbf'}",0.6666666666666666,0.8,0.6,0.4,0.6,0.6133333333333334,0.12927146286443544,195
385,0.005605649948120117,0.0012124284360236143,0.004697179794311524,0.0009228932900312601,97.0,rbf,"{'C': 97.0, 'kernel': 'rbf'}",0.6666666666666666,0.8,0.6,0.4,0.6,0.6133333333333334,0.12927146286443544,195
15,0.004030370712280273,0.0005686925275997643,0.003989315032958985,0.0010930154868413824,4.0,sigmoid,"{'C': 4.0, 'kernel': 'sigmoid'}",0.5,0.6,0.6,0.6,0.6,0.5800000000000001,0.03999999999999999,283
19,0.003820657730102539,0.0004012704389603335,0.003410196304321289,0.0008032286276756594,5.0,sigmoid,"{'C': 5.0, 'kernel': 'sigmoid'}",0.5,0.6,0.6,0.6,0.6,0.5800000000000001,0.03999999999999999,283
11,0.004408693313598633,0.00047353695857013477,0.003614187240600586,0.0007500650468936377,3.0,sigmoid,"{'C': 3.0, 'kernel': 'sigmoid'}",0.5,0.6,0.6,0.6,0.6,0.5800000000000001,0.03999999999999999,283
3,0.0033902645111083983,0.0007967631928983349,0.0035907268524169923,0.0004874687774102205,1.0,sigmoid,"{'C': 1.0, 'kernel': 'sigmoid'}",0.5,0.8,0.6,0.6,0.4,0.58,0.132664991614216,286
49,0.0056308269500732425,0.00043736648399034483,0.005386209487915039,0.002326250252719289,13.0,rbf,"{'C': 13.0, 'kernel': 'rbf'}",0.6666666666666666,0.6,0.6,0.4,0.6,0.5733333333333334,0.09043106644167022,287
45,0.0036897182464599608,0.00203658170927505,0.005216407775878906,0.002395615505521602,12.0,rbf,"{'C': 12.0, 'kernel': 'rbf'}",0.6666666666666666,0.6,0.6,0.4,0.6,0.5733333333333334,0.09043106644167022,287
41,0.0065216064453125,0.005919437836319136,0.003398752212524414,0.0018485393018494738,11.0,rbf,"{'C': 11.0, 'kernel': 'rbf'}",0.6666666666666666,0.6,0.6,0.4,0.6,0.5733333333333334,0.09043106644167022,287
37,0.004081249237060547,0.002100086453597466,0.004188728332519531,0.0043878577564410454,10.0,rbf,"{'C': 10.0, 'kernel': 'rbf'}",0.6666666666666666,0.6,0.6,0.4,0.6,0.5733333333333334,0.09043106644167022,287
29,0.006656789779663086,0.00629605742115595,0.002593374252319336,0.0021485970359836465,8.0,rbf,"{'C': 8.0, 'kernel': 'rbf'}",0.6666666666666666,0.6,0.6,0.4,0.6,0.5733333333333334,0.09043106644167022,287
21,0.0037210464477539064,0.0012718594615209705,0.0031916141510009766,0.0017160223008134846,6.0,rbf,"{'C': 6.0, 'kernel': 'rbf'}",0.6666666666666666,0.4,0.6,0.6,0.6,0.5733333333333334,0.09043106644167022,287
33,0.0060751914978027345,0.0025778766609994034,0.0035905838012695312,0.0018497869211270947,9.0,rbf,"{'C': 9.0, 'kernel': 'rbf'}",0.6666666666666666,0.6,0.6,0.4,0.6,0.5733333333333334,0.09043106644167022,287
7,0.004388093948364258,0.0004884220223977446,0.004786920547485351,0.0007462127877286819,2.0,sigmoid,"{'C': 2.0, 'kernel': 'sigmoid'}",0.5,0.6,0.6,0.6,0.4,0.54,0.07999999999999999,294
35,0.005783987045288086,0.002631241064883625,0.003989458084106445,5.840038639982171e-07,9.0,sigmoid,"{'C': 9.0, 'kernel': 'sigmoid'}",0.5,0.6,0.4,0.6,0.6,0.54,0.07999999999999999,294
13,0.007181119918823242,0.0043884754634259185,0.004047775268554687,8.083868032218132e-05,4.0,rbf,"{'C': 4.0, 'kernel': 'rbf'}",0.6666666666666666,0.4,0.6,0.4,0.6,0.5333333333333333,0.11155467020454339,296
17,0.004411506652832031,0.0007805987894094723,0.003010416030883789,0.0008723140374604919,5.0,rbf,"{'C': 5.0, 'kernel': 'rbf'}",0.6666666666666666,0.2,0.6,0.4,0.6,0.49333333333333335,0.17178798302300166,297
1,0.00518641471862793,0.0007465186199840157,0.00418853759765625,0.0003989937592520616,1.0,rbf,"{'C': 1.0, 'kernel': 'rbf'}",0.6666666666666666,0.4,0.6,0.4,0.4,0.4933333333333333,0.1162373051610846,298
5,0.005179214477539063,0.00040286490841743726,0.003989505767822266,8.313939940530154e-07,2.0,rbf,"{'C': 2.0, 'kernel': 'rbf'}",0.6666666666666666,0.4,0.6,0.4,0.4,0.4933333333333333,0.1162373051610846,298
9,0.004610538482666016,0.0008100051206726276,0.00439143180847168,0.0004926084420591054,3.0,rbf,"{'C': 3.0, 'kernel': 'rbf'}",0.6666666666666666,0.4,0.6,0.4,0.4,0.4933333333333333,0.1162373051610846,298
386,0.0009972095489501954,5.352483825837052e-07,0.0,0.0,97.0,polynomial,"{'C': 97.0, 'kernel': 'polynomial'}",,,,,,,,301
14,0.0003989219665527344,0.0004885776558898482,0.0,0.0,4.0,polynomial,"{'C': 4.0, 'kernel': 'polynomial'}",,,,,,,,301
374,0.0009966850280761718,2.831465309010224e-06,0.0,0.0,94.0,polynomial,"{'C': 94.0, 'kernel': 'polynomial'}",,,,,,,,301
6,0.0009975910186767578,7.294205923451594e-07,0.0,0.0,2.0,polynomial,"{'C': 2.0, 'kernel': 'polynomial'}",,,,,,,,301
382,0.0007982730865478515,0.00039913772176435616,0.0,0.0,96.0,polynomial,"{'C': 96.0, 'kernel': 'polynomial'}",,,,,,,,301
358,0.0009989738464355469,2.900487198971853e-06,0.0,0.0,90.0,polynomial,"{'C': 90.0, 'kernel': 'polynomial'}",,,,,,,,301
326,0.0009972572326660157,2.78041453115716e-07,0.0,0.0,82.0,polynomial,"{'C': 82.0, 'kernel': 'polynomial'}",,,,,,,,301
2,0.000997304916381836,2.331143677059234e-06,0.0,0.0,1.0,polynomial,"{'C': 1.0, 'kernel': 'polynomial'}",,,,,,,,301
390,0.0011394977569580077,0.0006874377197337159,0.0,0.0,98.0,polynomial,"{'C': 98.0, 'kernel': 'polynomial'}",,,,,,,,301
394,0.0015981197357177734,0.001737917277088407,0.0,0.0,99.0,polynomial,"{'C': 99.0, 'kernel': 'polynomial'}",,,,,,,,301
338,0.0008658885955810547,0.00045240927485347784,0.0,0.0,85.0,polynomial,"{'C': 85.0, 'kernel': 'polynomial'}",,,,,,,,301
334,0.0005980968475341797,0.0004883443337161399,0.0,0.0,84.0,polynomial,"{'C': 84.0, 'kernel': 'polynomial'}",,,,,,,,301
350,0.0008038520812988281,0.0007572827683304689,0.0,0.0,88.0,polynomial,"{'C': 88.0, 'kernel': 'polynomial'}",,,,,,,,301
378,0.0012538433074951172,0.0005106985401694572,0.0,0.0,95.0,polynomial,"{'C': 95.0, 'kernel': 'polynomial'}",,,,,,,,301
346,0.0007987499237060546,0.00039938618804915166,0.0,0.0,87.0,polynomial,"{'C': 87.0, 'kernel': 'polynomial'}",,,,,,,,301
330,0.0006410121917724609,0.0005290629917136994,0.0,0.0,83.0,polynomial,"{'C': 83.0, 'kernel': 'polynomial'}",,,,,,,,301
362,0.0007991790771484375,0.00039959790305257496,0.0,0.0,91.0,polynomial,"{'C': 91.0, 'kernel': 'polynomial'}",,,,,,,,301
10,0.00099945068359375,3.829569436123135e-06,0.0,0.0,3.0,polynomial,"{'C': 3.0, 'kernel': 'polynomial'}",,,,,,,,301
354,0.0011500835418701172,0.00030579568814435675,0.0,0.0,89.0,polynomial,"{'C': 89.0, 'kernel': 'polynomial'}",,,,,,,,301
366,0.00079803466796875,0.00039901873007542883,0.0,0.0,92.0,polynomial,"{'C': 92.0, 'kernel': 'polynomial'}",,,,,,,,301
18,0.0005984306335449219,0.0004886166205017064,0.0,0.0,5.0,polynomial,"{'C': 5.0, 'kernel': 'polynomial'}",,,,,,,,301
342,0.0007987499237060546,0.0003993800394774916,0.0,0.0,86.0,polynomial,"{'C': 86.0, 'kernel': 'polynomial'}",,,,,,,,301
370,0.0005983352661132812,0.0004885388464116528,0.0,0.0,93.0,polynomial,"{'C': 93.0, 'kernel': 'polynomial'}",,,,,,,,301
94,0.004986476898193359,0.008486262454522595,0.0,0.0,24.0,polynomial,"{'C': 24.0, 'kernel': 'polynomial'}",,,,,,,,301
22,0.0007978439331054688,0.00039892302099640733,0.0,0.0,6.0,polynomial,"{'C': 6.0, 'kernel': 'polynomial'}",,,,,,,,301
154,0.0009974002838134765,7.168434323488669e-07,0.0,0.0,39.0,polynomial,"{'C': 39.0, 'kernel': 'polynomial'}",,,,,,,,301
158,0.0011964797973632812,0.0003989467024971248,0.0,0.0,40.0,polynomial,"{'C': 40.0, 'kernel': 'polynomial'}",,,,,,,,301
70,0.000598287582397461,0.0004884998197418876,0.0,0.0,18.0,polynomial,"{'C': 18.0, 'kernel': 'polynomial'}",,,,,,,,301
162,0.0009981155395507812,0.0006316560271581144,0.0,0.0,41.0,polynomial,"{'C': 41.0, 'kernel': 'polynomial'}",,,,,,,,301
166,0.0007979393005371094,0.0003989697215063215,0.0,0.0,42.0,polynomial,"{'C': 42.0, 'kernel': 'polynomial'}",,,,,,,,301
170,0.0007975578308105468,0.00039877898667711303,0.0,0.0,43.0,polynomial,"{'C': 43.0, 'kernel': 'polynomial'}",,,,,,,,301
174,0.0011971950531005859,0.0003990690772622357,0.0,0.0,44.0,polynomial,"{'C': 44.0, 'kernel': 'polynomial'}",,,,,,,,301
66,0.000997304916381836,5.223489356090222e-07,0.0,0.0,17.0,polynomial,"{'C': 17.0, 'kernel': 'polynomial'}",,,,,,,,301
178,0.0007982730865478515,0.00039914216510483763,0.0,0.0,45.0,polynomial,"{'C': 45.0, 'kernel': 'polynomial'}",,,,,,,,301
182,0.0009981632232666016,1.3283146168884392e-06,0.0,0.0,46.0,polynomial,"{'C': 46.0, 'kernel': 'polynomial'}",,,,,,,,301
186,0.0013941287994384765,0.0004895133393748851,0.0,0.0,47.0,polynomial,"{'C': 47.0, 'kernel': 'polynomial'}",,,,,,,,301
62,0.0005986690521240234,0.0004888113271977794,0.0,0.0,16.0,polynomial,"{'C': 16.0, 'kernel': 'polynomial'}",,,,,,,,301
190,0.0019941329956054688,0.001994967485564055,0.0,0.0,48.0,polynomial,"{'C': 48.0, 'kernel': 'polynomial'}",,,,,,,,301
194,0.00179443359375,0.0007474625066052281,0.0,0.0,49.0,polynomial,"{'C': 49.0, 'kernel': 'polynomial'}",,,,,,,,301
198,0.0011963844299316406,0.0003982783612716648,0.0,0.0,50.0,polynomial,"{'C': 50.0, 'kernel': 'polynomial'}",,,,,,,,301
150,0.0009974002838134765,2.6574849687753245e-06,0.0,0.0,38.0,polynomial,"{'C': 38.0, 'kernel': 'polynomial'}",,,,,,,,301
398,0.0009974002838134765,5.352483825837052e-07,0.0,0.0,100.0,polynomial,"{'C': 100.0, 'kernel': 'polynomial'}",,,,,,,,301
74,0.0009976863861083985,2.431401974483864e-07,0.0,0.0,19.0,polynomial,"{'C': 19.0, 'kernel': 'polynomial'}",,,,,,,,301
142,0.0007980823516845703,0.0003990426395134374,0.0,0.0,36.0,polynomial,"{'C': 36.0, 'kernel': 'polynomial'}",,,,,,,,301
98,0.0007975578308105468,0.00039877898667711303,0.0,0.0,25.0,polynomial,"{'C': 25.0, 'kernel': 'polynomial'}",,,,,,,,301
90,0.0007988929748535157,0.0003994507423375539,0.0,0.0,23.0,polynomial,"{'C': 23.0, 'kernel': 'polynomial'}",,,,,,,,301
102,0.0007979869842529297,0.0003989937592520616,0.0,0.0,26.0,polynomial,"{'C': 26.0, 'kernel': 'polynomial'}",,,,,,,,301
106,0.0007977485656738281,0.00039887432558979505,0.0,0.0,27.0,polynomial,"{'C': 27.0, 'kernel': 'polynomial'}",,,,,,,,301
110,0.0007978439331054688,0.00039892222303928974,0.0,0.0,28.0,polynomial,"{'C': 28.0, 'kernel': 'polynomial'}",,,,,,,,301
86,0.0005995750427246094,0.0004895592008933935,0.0,0.0,22.0,polynomial,"{'C': 22.0, 'kernel': 'polynomial'}",,,,,,,,301
114,0.0007978439331054688,0.0003989221375437896,0.0,0.0,29.0,polynomial,"{'C': 29.0, 'kernel': 'polynomial'}",,,,,,,,301
118,0.0007983684539794922,0.0003991856901363809,0.0,0.0,30.0,polynomial,"{'C': 30.0, 'kernel': 'polynomial'}",,,,,,,,301
122,0.000797891616821289,0.00039894616105853935,0.0,0.0,31.0,polynomial,"{'C': 31.0, 'kernel': 'polynomial'}",,,,,,,,301
82,0.000997638702392578,8.476442735019292e-07,0.0,0.0,21.0,polynomial,"{'C': 21.0, 'kernel': 'polynomial'}",,,,,,,,301
126,0.0007977008819580079,0.0003988505656823479,0.0,0.0,32.0,polynomial,"{'C': 32.0, 'kernel': 'polynomial'}",,,,,,,,301
130,0.0003985881805419922,0.0004881688823150658,0.0,0.0,33.0,polynomial,"{'C': 33.0, 'kernel': 'polynomial'}",,,,,,,,301
134,0.0009972095489501954,4.156969970265077e-07,0.0,0.0,34.0,polynomial,"{'C': 34.0, 'kernel': 'polynomial'}",,,,,,,,301
78,0.0005982398986816406,0.0004884612042400369,0.0,0.0,20.0,polynomial,"{'C': 20.0, 'kernel': 'polynomial'}",,,,,,,,301
138,0.0009976863861083985,1.0070186654063642e-06,0.0,0.0,35.0,polynomial,"{'C': 35.0, 'kernel': 'polynomial'}",,,,,,,,301
146,0.00059814453125,0.0004883836707715943,0.0,0.0,37.0,polynomial,"{'C': 37.0, 'kernel': 'polynomial'}",,,,,,,,301
202,0.0013961315155029297,0.0004895327267715381,0.0,0.0,51.0,polynomial,"{'C': 51.0, 'kernel': 'polynomial'}",,,,,,,,301
58,0.0,0.0,0.0,0.0,15.0,polynomial,"{'C': 15.0, 'kernel': 'polynomial'}",,,,,,,,301
206,0.0013967514038085937,0.0007981777974543507,0.0,0.0,52.0,polynomial,"{'C': 52.0, 'kernel': 'polynomial'}",,,,,,,,301
274,0.0005986690521240234,0.0004888112574243273,0.0,0.0,69.0,polynomial,"{'C': 69.0, 'kernel': 'polynomial'}",,,,,,,,301
278,0.0007979869842529297,0.0003989936167850989,0.0,0.0,70.0,polynomial,"{'C': 70.0, 'kernel': 'polynomial'}",,,,,,,,301
34,0.0007980823516845703,0.00039904138595599225,0.0,0.0,9.0,polynomial,"{'C': 9.0, 'kernel': 'polynomial'}",,,,,,,,301
282,0.0005984306335449219,0.0004886166903029524,0.0,0.0,71.0,polynomial,"{'C': 71.0, 'kernel': 'polynomial'}",,,,,,,,301
286,0.000797891616821289,0.00039894607556816925,0.0,0.0,72.0,polynomial,"{'C': 72.0, 'kernel': 'polynomial'}",,,,,,,,301
290,0.0005982398986816406,0.0004884623912374134,0.0,0.0,73.0,polynomial,"{'C': 73.0, 'kernel': 'polynomial'}",,,,,,,,301
30,0.00079803466796875,0.00039901761890131333,0.0,0.0,8.0,polynomial,"{'C': 8.0, 'kernel': 'polynomial'}",,,,,,,,301
294,0.0006087779998779297,0.00047546861717192185,0.0,0.0,74.0,polynomial,"{'C': 74.0, 'kernel': 'polynomial'}",,,,,,,,301
298,0.0007981300354003906,0.00039906520287409956,0.0,0.0,75.0,polynomial,"{'C': 75.0, 'kernel': 'polynomial'}",,,,,,,,301
302,0.0007980823516845703,0.00039904141444597796,0.0,0.0,76.0,polynomial,"{'C': 76.0, 'kernel': 'polynomial'}",,,,,,,,301
26,0.00019931793212890625,0.0003986358642578125,0.0,0.0,7.0,polynomial,"{'C': 7.0, 'kernel': 'polynomial'}",,,,,,,,301
306,0.0011969566345214843,0.0007468374914740958,0.0,0.0,77.0,polynomial,"{'C': 77.0, 'kernel': 'polynomial'}",,,,,,,,301
310,0.0009978294372558593,4.6231077741778654e-07,0.0,0.0,78.0,polynomial,"{'C': 78.0, 'kernel': 'polynomial'}",,,,,,,,301
314,0.0007991790771484375,0.0003995965374354149,0.0,0.0,79.0,polynomial,"{'C': 79.0, 'kernel': 'polynomial'}",,,,,,,,301
318,0.000797891616821289,0.00039894601857457895,0.0,0.0,80.0,polynomial,"{'C': 80.0, 'kernel': 'polynomial'}",,,,,,,,301
270,0.00079803466796875,0.00039901821722622156,0.0,0.0,68.0,polynomial,"{'C': 68.0, 'kernel': 'polynomial'}",,,,,,,,301
266,0.0013394355773925781,0.00042913884561934155,0.0,0.0,67.0,polynomial,"{'C': 67.0, 'kernel': 'polynomial'}",,,,,,,,301
38,0.0008014202117919922,0.0004007705429376798,0.0,0.0,10.0,polynomial,"{'C': 10.0, 'kernel': 'polynomial'}",,,,,,,,301
262,0.0007982730865478515,0.0003991365824383162,0.0,0.0,66.0,polynomial,"{'C': 66.0, 'kernel': 'polynomial'}",,,,,,,,301
210,0.0013963699340820313,0.0004882665674788609,0.0,0.0,53.0,polynomial,"{'C': 53.0, 'kernel': 'polynomial'}",,,,,,,,301
214,0.0009975433349609375,1.215700987241932e-06,0.0,0.0,54.0,polynomial,"{'C': 54.0, 'kernel': 'polynomial'}",,,,,,,,301
54,0.0007976531982421875,0.00039882671314239693,0.0,0.0,14.0,polynomial,"{'C': 14.0, 'kernel': 'polynomial'}",,,,,,,,301
218,0.0,0.0,0.0,0.0,55.0,polynomial,"{'C': 55.0, 'kernel': 'polynomial'}",,,,,,,,301
222,0.0009975910186767578,7.747686771999321e-07,0.0,0.0,56.0,polynomial,"{'C': 56.0, 'kernel': 'polynomial'}",,,,,,,,301
226,0.00059814453125,0.0004883831120949167,0.0,0.0,57.0,polynomial,"{'C': 57.0, 'kernel': 'polynomial'}",,,,,,,,301
50,0.0009974002838134765,1.9073486328125e-07,0.0,0.0,13.0,polynomial,"{'C': 13.0, 'kernel': 'polynomial'}",,,,,,,,301
322,0.0007979869842529297,0.0003989935313048969,0.0,0.0,81.0,polynomial,"{'C': 81.0, 'kernel': 'polynomial'}",,,,,,,,301
230,0.0,0.0,0.0,0.0,58.0,polynomial,"{'C': 58.0, 'kernel': 'polynomial'}",,,,,,,,301
238,0.0,0.0,0.0,0.0,60.0,polynomial,"{'C': 60.0, 'kernel': 'polynomial'}",,,,,,,,301
46,0.0007988452911376953,0.0003994403312448245,0.0,0.0,12.0,polynomial,"{'C': 12.0, 'kernel': 'polynomial'}",,,,,,,,301
242,0.0,0.0,0.0,0.0,61.0,polynomial,"{'C': 61.0, 'kernel': 'polynomial'}",,,,,,,,301
250,0.0009974002838134765,6.843900725558913e-07,0.0,0.0,63.0,polynomial,"{'C': 63.0, 'kernel': 'polynomial'}",,,,,,,,301
42,0.0007979869842529297,0.0003989935597982996,0.0,0.0,11.0,polynomial,"{'C': 11.0, 'kernel': 'polynomial'}",,,,,,,,301
254,0.0,0.0,0.0,0.0,64.0,polynomial,"{'C': 64.0, 'kernel': 'polynomial'}",,,,,,,,301
258,0.0010420799255371094,0.0007036038126772083,0.0,0.0,65.0,polynomial,"{'C': 65.0, 'kernel': 'polynomial'}",,,,,,,,301
234,0.00039920806884765627,0.0004889280581915708,0.0,0.0,59.0,polynomial,"{'C': 59.0, 'kernel': 'polynomial'}",,,,,,,,301
246,0.0005985260009765625,0.0004886947125541752,0.0,0.0,62.0,polynomial,"{'C': 62.0, 'kernel': 'polynomial'}",,,,,,,,301
